alfa 1
beta 1
Q0 0.7
p 0.99

 Matriz de distancia 
 
0 12 3 23 1 5 23 56 12 11 
12 0 9 18 3 41 45 5 41 27 
3 9 0 89 56 21 12 48 14 29 
23 18 89 0 87 46 75 17 50 42 
1 3 56 87 0 55 22 86 14 33 
5 41 21 46 55 0 21 76 54 81 
23 45 12 75 22 21 0 11 57 48 
56 5 48 17 86 76 11 0 63 24 
12 41 14 50 14 54 57 63 0 9 
11 27 29 42 33 81 48 24 9 0 

 Matriz de feromonas 
 
0.1 0.1 0.1 0.1 0.1 0.1 0.1 0.1 0.1 0.1 
0.1 0.1 0.1 0.1 0.1 0.1 0.1 0.1 0.1 0.1 
0.1 0.1 0.1 0.1 0.1 0.1 0.1 0.1 0.1 0.1 
0.1 0.1 0.1 0.1 0.1 0.1 0.1 0.1 0.1 0.1 
0.1 0.1 0.1 0.1 0.1 0.1 0.1 0.1 0.1 0.1 
0.1 0.1 0.1 0.1 0.1 0.1 0.1 0.1 0.1 0.1 
0.1 0.1 0.1 0.1 0.1 0.1 0.1 0.1 0.1 0.1 
0.1 0.1 0.1 0.1 0.1 0.1 0.1 0.1 0.1 0.1 
0.1 0.1 0.1 0.1 0.1 0.1 0.1 0.1 0.1 0.1 
0.1 0.1 0.1 0.1 0.1 0.1 0.1 0.1 0.1 0.1 

 Matriz de visibilidad 
 
inf 0.0833333 0.333333 0.0434783 1 0.2 0.0434783 0.0178571 0.0833333 0.0909091 
0.0833333 inf 0.111111 0.0555556 0.333333 0.0243902 0.0222222 0.2 0.0243902 0.037037 
0.333333 0.111111 inf 0.011236 0.0178571 0.047619 0.0833333 0.0208333 0.0714286 0.0344828 
0.0434783 0.0555556 0.011236 inf 0.0114943 0.0217391 0.0133333 0.0588235 0.02 0.0238095 
1 0.333333 0.0178571 0.0114943 inf 0.0181818 0.0454545 0.0116279 0.0714286 0.030303 
0.2 0.0243902 0.047619 0.0217391 0.0181818 inf 0.047619 0.0131579 0.0185185 0.0123457 
0.0434783 0.0222222 0.0833333 0.0133333 0.0454545 0.047619 inf 0.0909091 0.0175439 0.0208333 
0.0178571 0.2 0.0208333 0.0588235 0.0116279 0.0131579 0.0909091 inf 0.015873 0.0416667 
0.0833333 0.0243902 0.0714286 0.02 0.0714286 0.0185185 0.0175439 0.015873 inf 0.111111 
0.0909091 0.037037 0.0344828 0.0238095 0.030303 0.0123457 0.0208333 0.0416667 0.111111 inf 
***************** Iteracion0<<<<<<<<<<<<<

  Hormiguero  inicial
visitados - disponibles - A B C D E F G H I J fitness  0
visitados - disponibles - A B C D E F G H I J fitness  0
visitados - disponibles - A B C D E F G H I J fitness  0
visitados - disponibles - A B C D E F G H I J fitness  0
Activaciones
*******HORMIGA: 0
