alfa 1
beta 1
Q 1
p 0.99

 Matriz de distancia 
 
0 12 3 23 1 5 23 56 12 11 
12 0 9 18 3 41 45 5 41 27 
3 9 0 89 56 21 12 48 14 29 
23 18 89 0 87 46 75 17 50 42 
1 3 56 87 0 55 22 86 14 33 
5 41 21 46 55 0 21 76 54 81 
23 45 12 75 22 21 0 11 57 48 
56 5 48 17 86 76 11 0 63 24 
12 41 14 50 14 54 57 63 0 9 
11 27 29 42 33 81 48 24 9 0 

 Matriz de feromonas 
 
0.1 0.1 0.1 0.1 0.1 0.1 0.1 0.1 0.1 0.1 
0.1 0.1 0.1 0.1 0.1 0.1 0.1 0.1 0.1 0.1 
0.1 0.1 0.1 0.1 0.1 0.1 0.1 0.1 0.1 0.1 
0.1 0.1 0.1 0.1 0.1 0.1 0.1 0.1 0.1 0.1 
0.1 0.1 0.1 0.1 0.1 0.1 0.1 0.1 0.1 0.1 
0.1 0.1 0.1 0.1 0.1 0.1 0.1 0.1 0.1 0.1 
0.1 0.1 0.1 0.1 0.1 0.1 0.1 0.1 0.1 0.1 
0.1 0.1 0.1 0.1 0.1 0.1 0.1 0.1 0.1 0.1 
0.1 0.1 0.1 0.1 0.1 0.1 0.1 0.1 0.1 0.1 
0.1 0.1 0.1 0.1 0.1 0.1 0.1 0.1 0.1 0.1 

 Matriz de visibilidad 
 
inf 0.0833333 0.333333 0.0434783 1 0.2 0.0434783 0.0178571 0.0833333 0.0909091 
0.0833333 inf 0.111111 0.0555556 0.333333 0.0243902 0.0222222 0.2 0.0243902 0.037037 
0.333333 0.111111 inf 0.011236 0.0178571 0.047619 0.0833333 0.0208333 0.0714286 0.0344828 
0.0434783 0.0555556 0.011236 inf 0.0114943 0.0217391 0.0133333 0.0588235 0.02 0.0238095 
1 0.333333 0.0178571 0.0114943 inf 0.0181818 0.0454545 0.0116279 0.0714286 0.030303 
0.2 0.0243902 0.047619 0.0217391 0.0181818 inf 0.047619 0.0131579 0.0185185 0.0123457 
0.0434783 0.0222222 0.0833333 0.0133333 0.0454545 0.047619 inf 0.0909091 0.0175439 0.0208333 
0.0178571 0.2 0.0208333 0.0588235 0.0116279 0.0131579 0.0909091 inf 0.015873 0.0416667 
0.0833333 0.0243902 0.0714286 0.02 0.0714286 0.0185185 0.0175439 0.015873 inf 0.111111 
0.0909091 0.037037 0.0344828 0.0238095 0.030303 0.0123457 0.0208333 0.0416667 0.111111 inf 
***************** Iteracion0<<<<<<<<<<<<<

  Hormiguero  inicial
visitados - disponibles - A B C D E F G H I J fitness  0
visitados - disponibles - A B C D E F G H I J fitness  0
visitados - disponibles - A B C D E F G H I J fitness  0
visitados - disponibles - A B C D E F G H I J fitness  0
Activaciones
*******HORMIGA: 0
*******HORMIGA: 1
*******HORMIGA: 2
*******HORMIGA: 3

 Nuevo Hormiguero 
visitados - 3 7 1 4 0 8 5 6 2 9 disponibles - fitness  154
visitados - 3 0 4 1 2 9 8 5 6 7 disponibles - fitness  160
visitados - 3 1 9 0 4 5 8 2 6 7 disponibles - fitness  203
visitados - 3 9 1 4 6 2 5 0 8 7 disponibles - fitness  207

 Mejor Hormiga :
visitados - 3 7 1 4 0 8 5 6 2 9 disponibles - fitness  154
 
Actualizando Matriz de fermononas 

0 1 = 0.099 + 0 + 0 + 0 + 0
0 2 = 0.099 + 0 + 0 + 0 + 0
0 3 = 0.099 + 0 + 0.00625 + 0 + 0
0 4 = 0.099 + 0.00649351 + 0.00625 + 0.00492611 + 0
0 5 = 0.099 + 0 + 0 + 0 + 0.00483092
0 6 = 0.099 + 0 + 0 + 0 + 0
0 7 = 0.099 + 0 + 0 + 0 + 0
0 8 = 0.099 + 0.00649351 + 0 + 0 + 0.00483092
0 9 = 0.099 + 0 + 0 + 0.00492611 + 0
1 0 = 0.099 + 0 + 0 + 0 + 0
1 2 = 0.099 + 0 + 0.00625 + 0 + 0
1 3 = 0.099 + 0 + 0 + 0.00492611 + 0
1 4 = 0.099 + 0.00649351 + 0.00625 + 0 + 0.00483092
1 5 = 0.099 + 0 + 0 + 0 + 0
1 6 = 0.099 + 0 + 0 + 0 + 0
1 7 = 0.099 + 0.00649351 + 0 + 0 + 0
1 8 = 0.099 + 0 + 0 + 0 + 0
1 9 = 0.099 + 0 + 0 + 0.00492611 + 0.00483092
2 0 = 0.099 + 0 + 0 + 0 + 0
2 1 = 0.099 + 0 + 0.00625 + 0 + 0
2 3 = 0.099 + 0 + 0 + 0 + 0
2 4 = 0.099 + 0 + 0 + 0 + 0
2 5 = 0.099 + 0 + 0 + 0 + 0.00483092
2 6 = 0.099 + 0.00649351 + 0 + 0.00492611 + 0.00483092
2 7 = 0.099 + 0 + 0 + 0 + 0
2 8 = 0.099 + 0 + 0 + 0.00492611 + 0
2 9 = 0.099 + 0.00649351 + 0.00625 + 0 + 0
3 0 = 0.099 + 0 + 0.00625 + 0 + 0
3 1 = 0.099 + 0 + 0 + 0.00492611 + 0
3 2 = 0.099 + 0 + 0 + 0 + 0
3 4 = 0.099 + 0 + 0 + 0 + 0
3 5 = 0.099 + 0 + 0 + 0 + 0
3 6 = 0.099 + 0 + 0 + 0 + 0
3 7 = 0.099 + 0.00649351 + 0 + 0 + 0
3 8 = 0.099 + 0 + 0 + 0 + 0
3 9 = 0.099 + 0 + 0 + 0 + 0.00483092
4 0 = 0.099 + 0.00649351 + 0.00625 + 0.00492611 + 0
4 1 = 0.099 + 0.00649351 + 0.00625 + 0 + 0.00483092
4 2 = 0.099 + 0 + 0 + 0 + 0
4 3 = 0.099 + 0 + 0 + 0 + 0
4 5 = 0.099 + 0 + 0 + 0.00492611 + 0
4 6 = 0.099 + 0 + 0 + 0 + 0.00483092
4 7 = 0.099 + 0 + 0 + 0 + 0
4 8 = 0.099 + 0 + 0 + 0 + 0
4 9 = 0.099 + 0 + 0 + 0 + 0
5 0 = 0.099 + 0 + 0 + 0 + 0.00483092
5 1 = 0.099 + 0 + 0 + 0 + 0
5 2 = 0.099 + 0 + 0 + 0 + 0.00483092
5 3 = 0.099 + 0 + 0 + 0 + 0
5 4 = 0.099 + 0 + 0 + 0.00492611 + 0
5 6 = 0.099 + 0.00649351 + 0.00625 + 0 + 0
5 7 = 0.099 + 0 + 0 + 0 + 0
5 8 = 0.099 + 0.00649351 + 0.00625 + 0.00492611 + 0
5 9 = 0.099 + 0 + 0 + 0 + 0
6 0 = 0.099 + 0 + 0 + 0 + 0
6 1 = 0.099 + 0 + 0 + 0 + 0
6 2 = 0.099 + 0.00649351 + 0 + 0.00492611 + 0.00483092
6 3 = 0.099 + 0 + 0 + 0 + 0
6 4 = 0.099 + 0 + 0 + 0 + 0.00483092
6 5 = 0.099 + 0.00649351 + 0.00625 + 0 + 0
6 7 = 0.099 + 0 + 0.00625 + 0.00492611 + 0
6 8 = 0.099 + 0 + 0 + 0 + 0
6 9 = 0.099 + 0 + 0 + 0 + 0
7 0 = 0.099 + 0 + 0 + 0 + 0
7 1 = 0.099 + 0.00649351 + 0 + 0 + 0
7 2 = 0.099 + 0 + 0 + 0 + 0
7 3 = 0.099 + 0.00649351 + 0 + 0 + 0
7 4 = 0.099 + 0 + 0 + 0 + 0
7 5 = 0.099 + 0 + 0 + 0 + 0
7 6 = 0.099 + 0 + 0.00625 + 0.00492611 + 0
7 8 = 0.099 + 0 + 0 + 0 + 0.00483092
7 9 = 0.099 + 0 + 0 + 0 + 0
8 0 = 0.099 + 0.00649351 + 0 + 0 + 0.00483092
8 1 = 0.099 + 0 + 0 + 0 + 0
8 2 = 0.099 + 0 + 0 + 0.00492611 + 0
8 3 = 0.099 + 0 + 0 + 0 + 0
8 4 = 0.099 + 0 + 0 + 0 + 0
8 5 = 0.099 + 0.00649351 + 0.00625 + 0.00492611 + 0
8 6 = 0.099 + 0 + 0 + 0 + 0
8 7 = 0.099 + 0 + 0 + 0 + 0.00483092
8 9 = 0.099 + 0 + 0.00625 + 0 + 0
9 0 = 0.099 + 0 + 0 + 0.00492611 + 0
9 1 = 0.099 + 0 + 0 + 0.00492611 + 0.00483092
9 2 = 0.099 + 0.00649351 + 0.00625 + 0 + 0
9 3 = 0.099 + 0 + 0 + 0 + 0.00483092
9 4 = 0.099 + 0 + 0 + 0 + 0
9 5 = 0.099 + 0 + 0 + 0 + 0
9 6 = 0.099 + 0 + 0 + 0 + 0
9 7 = 0.099 + 0 + 0 + 0 + 0
9 8 = 0.099 + 0 + 0.00625 + 0 + 0
 
 Nueva Matriz de feromonas
 
0.1 0.099 0.099 0.10525 0.11667 0.103831 0.099 0.099 0.110324 0.103926 
0.099 0.1 0.10525 0.103926 0.116574 0.099 0.099 0.105494 0.099 0.108757 
0.099 0.10525 0.1 0.099 0.099 0.103831 0.115251 0.099 0.103926 0.111744 
0.10525 0.103926 0.099 0.1 0.099 0.099 0.099 0.105494 0.099 0.103831 
0.11667 0.116574 0.099 0.099 0.1 0.103926 0.103831 0.099 0.099 0.099 
0.103831 0.099 0.103831 0.099 0.103926 0.1 0.111744 0.099 0.11667 0.099 
0.099 0.099 0.115251 0.099 0.103831 0.111744 0.1 0.110176 0.099 0.099 
0.099 0.105494 0.099 0.105494 0.099 0.099 0.110176 0.1 0.103831 0.099 
0.110324 0.099 0.103926 0.099 0.099 0.11667 0.099 0.103831 0.1 0.10525 
0.103926 0.108757 0.111744 0.103831 0.099 0.099 0.099 0.099 0.10525 0.1 
***************** Iteracion1<<<<<<<<<<<<<

  Hormiguero  inicial
visitados - disponibles - A B C D E F G H I J fitness  154
visitados - disponibles - A B C D E F G H I J fitness  160
visitados - disponibles - A B C D E F G H I J fitness  203
visitados - disponibles - A B C D E F G H I J fitness  207
Activaciones
*******HORMIGA: 0
*******HORMIGA: 1
*******HORMIGA: 2
*******HORMIGA: 3

 Nuevo Hormiguero 
visitados - 3 7 1 4 0 9 8 5 2 6 disponibles - fitness  133
visitados - 3 7 6 1 2 5 0 9 4 8 disponibles - fitness  166
visitados - 3 2 0 4 1 7 6 5 8 9 disponibles - fitness  196
visitados - 3 7 2 0 4 1 9 5 6 8 disponibles - fitness  258

 Mejor Hormiga :
visitados - 3 7 1 4 0 9 8 5 2 6 disponibles - fitness  133
 
Actualizando Matriz de fermononas 

0 1 = 0.09801 + 0 + 0 + 0 + 0
0 2 = 0.09801 + 0 + 0 + 0.00510204 + 0.00387597
0 3 = 0.104198 + 0 + 0 + 0 + 0
0 4 = 0.115503 + 0.0075188 + 0 + 0.00510204 + 0.00387597
0 5 = 0.102793 + 0 + 0.0060241 + 0 + 0
0 6 = 0.09801 + 0 + 0 + 0 + 0
0 7 = 0.09801 + 0 + 0 + 0 + 0
0 8 = 0.109221 + 0 + 0 + 0 + 0
0 9 = 0.102887 + 0.0075188 + 0.0060241 + 0 + 0
1 0 = 0.09801 + 0 + 0 + 0 + 0
1 2 = 0.104198 + 0 + 0.0060241 + 0 + 0
1 3 = 0.102887 + 0 + 0 + 0 + 0
1 4 = 0.115409 + 0.0075188 + 0 + 0.00510204 + 0.00387597
1 5 = 0.09801 + 0 + 0 + 0 + 0
1 6 = 0.09801 + 0 + 0.0060241 + 0 + 0
1 7 = 0.104439 + 0.0075188 + 0 + 0.00510204 + 0
1 8 = 0.09801 + 0 + 0 + 0 + 0
1 9 = 0.107669 + 0 + 0 + 0 + 0.00387597
2 0 = 0.09801 + 0 + 0 + 0.00510204 + 0.00387597
2 1 = 0.104198 + 0 + 0.0060241 + 0 + 0
2 3 = 0.09801 + 0 + 0 + 0.00510204 + 0
2 4 = 0.09801 + 0 + 0 + 0 + 0
2 5 = 0.102793 + 0.0075188 + 0.0060241 + 0 + 0
2 6 = 0.114098 + 0.0075188 + 0 + 0 + 0
2 7 = 0.09801 + 0 + 0 + 0 + 0.00387597
2 8 = 0.102887 + 0 + 0 + 0 + 0
2 9 = 0.110626 + 0 + 0 + 0 + 0
3 0 = 0.104198 + 0 + 0 + 0 + 0
3 1 = 0.102887 + 0 + 0 + 0 + 0
3 2 = 0.09801 + 0 + 0 + 0.00510204 + 0
3 4 = 0.09801 + 0 + 0 + 0 + 0
3 5 = 0.09801 + 0 + 0 + 0 + 0
3 6 = 0.09801 + 0 + 0 + 0 + 0
3 7 = 0.104439 + 0.0075188 + 0.0060241 + 0 + 0.00387597
3 8 = 0.09801 + 0 + 0 + 0 + 0
3 9 = 0.102793 + 0 + 0 + 0 + 0
4 0 = 0.115503 + 0.0075188 + 0 + 0.00510204 + 0.00387597
4 1 = 0.115409 + 0.0075188 + 0 + 0.00510204 + 0.00387597
4 2 = 0.09801 + 0 + 0 + 0 + 0
4 3 = 0.09801 + 0 + 0 + 0 + 0
4 5 = 0.102887 + 0 + 0 + 0 + 0
4 6 = 0.102793 + 0 + 0 + 0 + 0
4 7 = 0.09801 + 0 + 0 + 0 + 0
4 8 = 0.09801 + 0 + 0.0060241 + 0 + 0
4 9 = 0.09801 + 0 + 0.0060241 + 0 + 0
5 0 = 0.102793 + 0 + 0.0060241 + 0 + 0
5 1 = 0.09801 + 0 + 0 + 0 + 0
5 2 = 0.102793 + 0.0075188 + 0.0060241 + 0 + 0
5 3 = 0.09801 + 0 + 0 + 0 + 0
5 4 = 0.102887 + 0 + 0 + 0 + 0
5 6 = 0.110626 + 0 + 0 + 0.00510204 + 0.00387597
5 7 = 0.09801 + 0 + 0 + 0 + 0
5 8 = 0.115503 + 0.0075188 + 0 + 0.00510204 + 0
5 9 = 0.09801 + 0 + 0 + 0 + 0.00387597
6 0 = 0.09801 + 0 + 0 + 0 + 0
6 1 = 0.09801 + 0 + 0.0060241 + 0 + 0
6 2 = 0.114098 + 0.0075188 + 0 + 0 + 0
6 3 = 0.09801 + 0 + 0 + 0 + 0
6 4 = 0.102793 + 0 + 0 + 0 + 0
6 5 = 0.110626 + 0 + 0 + 0.00510204 + 0.00387597
6 7 = 0.109074 + 0 + 0.0060241 + 0.00510204 + 0
6 8 = 0.09801 + 0 + 0 + 0 + 0.00387597
6 9 = 0.09801 + 0 + 0 + 0 + 0
7 0 = 0.09801 + 0 + 0 + 0 + 0
7 1 = 0.104439 + 0.0075188 + 0 + 0.00510204 + 0
7 2 = 0.09801 + 0 + 0 + 0 + 0.00387597
7 3 = 0.104439 + 0.0075188 + 0.0060241 + 0 + 0.00387597
7 4 = 0.09801 + 0 + 0 + 0 + 0
7 5 = 0.09801 + 0 + 0 + 0 + 0
7 6 = 0.109074 + 0 + 0.0060241 + 0.00510204 + 0
7 8 = 0.102793 + 0 + 0 + 0 + 0
7 9 = 0.09801 + 0 + 0 + 0 + 0
8 0 = 0.109221 + 0 + 0 + 0 + 0
8 1 = 0.09801 + 0 + 0 + 0 + 0
8 2 = 0.102887 + 0 + 0 + 0 + 0
8 3 = 0.09801 + 0 + 0 + 0 + 0
8 4 = 0.09801 + 0 + 0.0060241 + 0 + 0
8 5 = 0.115503 + 0.0075188 + 0 + 0.00510204 + 0
8 6 = 0.09801 + 0 + 0 + 0 + 0.00387597
8 7 = 0.102793 + 0 + 0 + 0 + 0
8 9 = 0.104198 + 0.0075188 + 0 + 0.00510204 + 0
9 0 = 0.102887 + 0.0075188 + 0.0060241 + 0 + 0
9 1 = 0.107669 + 0 + 0 + 0 + 0.00387597
9 2 = 0.110626 + 0 + 0 + 0 + 0
9 3 = 0.102793 + 0 + 0 + 0 + 0
9 4 = 0.09801 + 0 + 0.0060241 + 0 + 0
9 5 = 0.09801 + 0 + 0 + 0 + 0.00387597
9 6 = 0.09801 + 0 + 0 + 0 + 0
9 7 = 0.09801 + 0 + 0 + 0 + 0
9 8 = 0.104198 + 0.0075188 + 0 + 0.00510204 + 0
 
 Nueva Matriz de feromonas
 
0.1 0.09801 0.106988 0.104198 0.132 0.108817 0.09801 0.09801 0.109221 0.11643 
0.09801 0.1 0.110222 0.102887 0.131905 0.09801 0.104034 0.117059 0.09801 0.111545 
0.106988 0.110222 0.1 0.103112 0.09801 0.116336 0.121617 0.101886 0.102887 0.110626 
0.104198 0.102887 0.103112 0.1 0.09801 0.09801 0.09801 0.121857 0.09801 0.102793 
0.132 0.131905 0.09801 0.09801 0.1 0.102887 0.102793 0.09801 0.104034 0.104034 
0.108817 0.09801 0.116336 0.09801 0.102887 0.1 0.119604 0.09801 0.128124 0.101886 
0.09801 0.104034 0.121617 0.09801 0.102793 0.119604 0.1 0.1202 0.101886 0.09801 
0.09801 0.117059 0.101886 0.121857 0.09801 0.09801 0.1202 0.1 0.102793 0.09801 
0.109221 0.09801 0.102887 0.09801 0.104034 0.128124 0.101886 0.102793 0.1 0.116818 
0.11643 0.111545 0.110626 0.102793 0.104034 0.101886 0.09801 0.09801 0.116818 0.1 
***************** Iteracion2<<<<<<<<<<<<<

  Hormiguero  inicial
visitados - disponibles - A B C D E F G H I J fitness  133
visitados - disponibles - A B C D E F G H I J fitness  166
visitados - disponibles - A B C D E F G H I J fitness  196
visitados - disponibles - A B C D E F G H I J fitness  258
Activaciones
*******HORMIGA: 0
*******HORMIGA: 1
*******HORMIGA: 2
*******HORMIGA: 3

 Nuevo Hormiguero 
visitados - 3 0 4 6 2 8 9 7 1 5 disponibles - fitness  151
visitados - 3 5 0 9 8 6 7 1 4 2 disponibles - fitness  203
visitados - 3 7 6 2 1 0 4 8 5 9 disponibles - fitness  211
visitados - 3 6 4 0 2 1 7 8 5 9 disponibles - fitness  313

 Mejor Hormiga :
visitados - 3 0 4 6 2 8 9 7 1 5 disponibles - fitness  151
 
Actualizando Matriz de fermononas 

0 1 = 0.0970299 + 0 + 0 + 0.00473934 + 0
0 2 = 0.105918 + 0 + 0 + 0 + 0.00319489
0 3 = 0.103156 + 0.00662252 + 0 + 0 + 0
0 4 = 0.13068 + 0.00662252 + 0 + 0.00473934 + 0.00319489
0 5 = 0.107729 + 0 + 0.00492611 + 0 + 0
0 6 = 0.0970299 + 0 + 0 + 0 + 0
0 7 = 0.0970299 + 0 + 0 + 0 + 0
0 8 = 0.108129 + 0 + 0 + 0 + 0
0 9 = 0.115265 + 0 + 0.00492611 + 0 + 0
1 0 = 0.0970299 + 0 + 0 + 0.00473934 + 0
1 2 = 0.109119 + 0 + 0 + 0.00473934 + 0.00319489
1 3 = 0.101858 + 0 + 0 + 0 + 0
1 4 = 0.130586 + 0 + 0.00492611 + 0 + 0
1 5 = 0.0970299 + 0.00662252 + 0 + 0 + 0
1 6 = 0.102994 + 0 + 0 + 0 + 0
1 7 = 0.115889 + 0.00662252 + 0.00492611 + 0 + 0.00319489
1 8 = 0.0970299 + 0 + 0 + 0 + 0
1 9 = 0.11043 + 0 + 0 + 0 + 0
2 0 = 0.105918 + 0 + 0 + 0 + 0.00319489
2 1 = 0.109119 + 0 + 0 + 0.00473934 + 0.00319489
2 3 = 0.102081 + 0 + 0 + 0 + 0
2 4 = 0.0970299 + 0 + 0.00492611 + 0 + 0
2 5 = 0.115172 + 0 + 0 + 0 + 0
2 6 = 0.120401 + 0.00662252 + 0 + 0.00473934 + 0
2 7 = 0.100867 + 0 + 0 + 0 + 0
2 8 = 0.101858 + 0.00662252 + 0 + 0 + 0
2 9 = 0.10952 + 0 + 0 + 0 + 0
3 0 = 0.103156 + 0.00662252 + 0 + 0 + 0
3 1 = 0.101858 + 0 + 0 + 0 + 0
3 2 = 0.102081 + 0 + 0 + 0 + 0
3 4 = 0.0970299 + 0 + 0 + 0 + 0
3 5 = 0.0970299 + 0 + 0.00492611 + 0 + 0
3 6 = 0.0970299 + 0 + 0 + 0 + 0.00319489
3 7 = 0.120639 + 0 + 0 + 0.00473934 + 0
3 8 = 0.0970299 + 0 + 0 + 0 + 0
3 9 = 0.101765 + 0 + 0 + 0 + 0
4 0 = 0.13068 + 0.00662252 + 0 + 0.00473934 + 0.00319489
4 1 = 0.130586 + 0 + 0.00492611 + 0 + 0
4 2 = 0.0970299 + 0 + 0.00492611 + 0 + 0
4 3 = 0.0970299 + 0 + 0 + 0 + 0
4 5 = 0.101858 + 0 + 0 + 0 + 0
4 6 = 0.101765 + 0.00662252 + 0 + 0 + 0.00319489
4 7 = 0.0970299 + 0 + 0 + 0 + 0
4 8 = 0.102994 + 0 + 0 + 0.00473934 + 0
4 9 = 0.102994 + 0 + 0 + 0 + 0
5 0 = 0.107729 + 0 + 0.00492611 + 0 + 0
5 1 = 0.0970299 + 0.00662252 + 0 + 0 + 0
5 2 = 0.115172 + 0 + 0 + 0 + 0
5 3 = 0.0970299 + 0 + 0.00492611 + 0 + 0
5 4 = 0.101858 + 0 + 0 + 0 + 0
5 6 = 0.118408 + 0 + 0 + 0 + 0
5 7 = 0.0970299 + 0 + 0 + 0 + 0
5 8 = 0.126843 + 0 + 0 + 0.00473934 + 0.00319489
5 9 = 0.100867 + 0 + 0 + 0.00473934 + 0.00319489
6 0 = 0.0970299 + 0 + 0 + 0 + 0
6 1 = 0.102994 + 0 + 0 + 0 + 0
6 2 = 0.120401 + 0.00662252 + 0 + 0.00473934 + 0
6 3 = 0.0970299 + 0 + 0 + 0 + 0.00319489
6 4 = 0.101765 + 0.00662252 + 0 + 0 + 0.00319489
6 5 = 0.118408 + 0 + 0 + 0 + 0
6 7 = 0.118998 + 0 + 0.00492611 + 0.00473934 + 0
6 8 = 0.100867 + 0 + 0.00492611 + 0 + 0
6 9 = 0.0970299 + 0 + 0 + 0 + 0
7 0 = 0.0970299 + 0 + 0 + 0 + 0
7 1 = 0.115889 + 0.00662252 + 0.00492611 + 0 + 0.00319489
7 2 = 0.100867 + 0 + 0 + 0 + 0
7 3 = 0.120639 + 0 + 0 + 0.00473934 + 0
7 4 = 0.0970299 + 0 + 0 + 0 + 0
7 5 = 0.0970299 + 0 + 0 + 0 + 0
7 6 = 0.118998 + 0 + 0.00492611 + 0.00473934 + 0
7 8 = 0.101765 + 0 + 0 + 0 + 0.00319489
7 9 = 0.0970299 + 0.00662252 + 0 + 0 + 0
8 0 = 0.108129 + 0 + 0 + 0 + 0
8 1 = 0.0970299 + 0 + 0 + 0 + 0
8 2 = 0.101858 + 0.00662252 + 0 + 0 + 0
8 3 = 0.0970299 + 0 + 0 + 0 + 0
8 4 = 0.102994 + 0 + 0 + 0.00473934 + 0
8 5 = 0.126843 + 0 + 0 + 0.00473934 + 0.00319489
8 6 = 0.100867 + 0 + 0.00492611 + 0 + 0
8 7 = 0.101765 + 0 + 0 + 0 + 0.00319489
8 9 = 0.11565 + 0.00662252 + 0.00492611 + 0 + 0
9 0 = 0.115265 + 0 + 0.00492611 + 0 + 0
9 1 = 0.11043 + 0 + 0 + 0 + 0
9 2 = 0.10952 + 0 + 0 + 0 + 0
9 3 = 0.101765 + 0 + 0 + 0 + 0
9 4 = 0.102994 + 0 + 0 + 0 + 0
9 5 = 0.100867 + 0 + 0 + 0.00473934 + 0.00319489
9 6 = 0.0970299 + 0 + 0 + 0 + 0
9 7 = 0.0970299 + 0.00662252 + 0 + 0 + 0
9 8 = 0.11565 + 0.00662252 + 0.00492611 + 0 + 0
 
 Nueva Matriz de feromonas
 
0.1 0.101769 0.109113 0.109778 0.145236 0.112655 0.0970299 0.0970299 0.108129 0.120192 
0.101769 0.1 0.117054 0.101858 0.135513 0.103652 0.102994 0.130632 0.0970299 0.11043 
0.109113 0.117054 0.1 0.102081 0.101956 0.115172 0.131763 0.100867 0.10848 0.10952 
0.109778 0.101858 0.102081 0.1 0.0970299 0.101956 0.100225 0.125378 0.0970299 0.101765 
0.145236 0.135513 0.101956 0.0970299 0.1 0.101858 0.111582 0.0970299 0.107733 0.102994 
0.112655 0.103652 0.115172 0.101956 0.101858 0.1 0.118408 0.0970299 0.134777 0.108801 
0.0970299 0.102994 0.131763 0.100225 0.111582 0.118408 0.1 0.128664 0.105793 0.0970299 
0.0970299 0.130632 0.100867 0.125378 0.0970299 0.0970299 0.128664 0.1 0.10496 0.103652 
0.108129 0.0970299 0.10848 0.0970299 0.107733 0.134777 0.105793 0.10496 0.1 0.127199 
0.120192 0.11043 0.10952 0.101765 0.102994 0.108801 0.0970299 0.103652 0.127199 0.1 
***************** Iteracion3<<<<<<<<<<<<<

  Hormiguero  inicial
visitados - disponibles - A B C D E F G H I J fitness  151
visitados - disponibles - A B C D E F G H I J fitness  203
visitados - disponibles - A B C D E F G H I J fitness  211
visitados - disponibles - A B C D E F G H I J fitness  313
Activaciones
*******HORMIGA: 0
*******HORMIGA: 1
*******HORMIGA: 2
*******HORMIGA: 3

 Nuevo Hormiguero 
visitados - 3 5 0 4 1 2 6 7 9 8 disponibles - fitness  120
visitados - 3 0 4 1 7 9 8 5 2 6 disponibles - fitness  152
visitados - 3 8 0 4 1 7 6 9 2 5 disponibles - fitness  180
visitados - 3 7 1 4 0 6 8 2 9 5 disponibles - fitness  230

 Mejor Hormiga :
visitados - 3 5 0 4 1 2 6 7 9 8 disponibles - fitness  120
 
Actualizando Matriz de fermononas 

0 1 = 0.100752 + 0 + 0 + 0 + 0
0 2 = 0.108022 + 0 + 0 + 0 + 0
0 3 = 0.10868 + 0 + 0.00657895 + 0 + 0
0 4 = 0.143784 + 0.00833333 + 0.00657895 + 0.00555556 + 0.00434783
0 5 = 0.111528 + 0.00833333 + 0 + 0 + 0
0 6 = 0.0960596 + 0 + 0 + 0 + 0.00434783
0 7 = 0.0960596 + 0 + 0 + 0 + 0
0 8 = 0.107048 + 0 + 0 + 0.00555556 + 0
0 9 = 0.11899 + 0 + 0 + 0 + 0
1 0 = 0.100752 + 0 + 0 + 0 + 0
1 2 = 0.115883 + 0.00833333 + 0 + 0 + 0
1 3 = 0.100839 + 0 + 0 + 0 + 0
1 4 = 0.134157 + 0.00833333 + 0.00657895 + 0.00555556 + 0.00434783
1 5 = 0.102616 + 0 + 0 + 0 + 0
1 6 = 0.101964 + 0 + 0 + 0 + 0
1 7 = 0.129326 + 0 + 0.00657895 + 0.00555556 + 0.00434783
1 8 = 0.0960596 + 0 + 0 + 0 + 0
1 9 = 0.109326 + 0 + 0 + 0 + 0
2 0 = 0.108022 + 0 + 0 + 0 + 0
2 1 = 0.115883 + 0.00833333 + 0 + 0 + 0
2 3 = 0.10106 + 0 + 0 + 0 + 0
2 4 = 0.100936 + 0 + 0 + 0 + 0
2 5 = 0.11402 + 0 + 0.00657895 + 0.00555556 + 0
2 6 = 0.130445 + 0.00833333 + 0.00657895 + 0 + 0
2 7 = 0.0998584 + 0 + 0 + 0 + 0
2 8 = 0.107396 + 0 + 0 + 0 + 0.00434783
2 9 = 0.108425 + 0 + 0 + 0.00555556 + 0.00434783
3 0 = 0.10868 + 0 + 0.00657895 + 0 + 0
3 1 = 0.100839 + 0 + 0 + 0 + 0
3 2 = 0.10106 + 0 + 0 + 0 + 0
3 4 = 0.0960596 + 0 + 0 + 0 + 0
3 5 = 0.100936 + 0.00833333 + 0 + 0 + 0
3 6 = 0.0992225 + 0 + 0 + 0 + 0
3 7 = 0.124124 + 0 + 0 + 0 + 0.00434783
3 8 = 0.0960596 + 0 + 0 + 0.00555556 + 0
3 9 = 0.100747 + 0 + 0 + 0 + 0
4 0 = 0.143784 + 0.00833333 + 0.00657895 + 0.00555556 + 0.00434783
4 1 = 0.134157 + 0.00833333 + 0.00657895 + 0.00555556 + 0.00434783
4 2 = 0.100936 + 0 + 0 + 0 + 0
4 3 = 0.0960596 + 0 + 0 + 0 + 0
4 5 = 0.100839 + 0 + 0 + 0 + 0
4 6 = 0.110466 + 0 + 0 + 0 + 0
4 7 = 0.0960596 + 0 + 0 + 0 + 0
4 8 = 0.106656 + 0 + 0 + 0 + 0
4 9 = 0.101964 + 0 + 0 + 0 + 0
5 0 = 0.111528 + 0.00833333 + 0 + 0 + 0
5 1 = 0.102616 + 0 + 0 + 0 + 0
5 2 = 0.11402 + 0 + 0.00657895 + 0.00555556 + 0
5 3 = 0.100936 + 0.00833333 + 0 + 0 + 0
5 4 = 0.100839 + 0 + 0 + 0 + 0
5 6 = 0.117224 + 0 + 0 + 0 + 0
5 7 = 0.0960596 + 0 + 0 + 0 + 0
5 8 = 0.133429 + 0 + 0.00657895 + 0 + 0
5 9 = 0.107713 + 0 + 0 + 0 + 0.00434783
6 0 = 0.0960596 + 0 + 0 + 0 + 0.00434783
6 1 = 0.101964 + 0 + 0 + 0 + 0
6 2 = 0.130445 + 0.00833333 + 0.00657895 + 0 + 0
6 3 = 0.0992225 + 0 + 0 + 0 + 0
6 4 = 0.110466 + 0 + 0 + 0 + 0
6 5 = 0.117224 + 0 + 0 + 0 + 0
6 7 = 0.127377 + 0.00833333 + 0 + 0.00555556 + 0
6 8 = 0.104735 + 0 + 0 + 0 + 0.00434783
6 9 = 0.0960596 + 0 + 0 + 0.00555556 + 0
7 0 = 0.0960596 + 0 + 0 + 0 + 0
7 1 = 0.129326 + 0 + 0.00657895 + 0.00555556 + 0.00434783
7 2 = 0.0998584 + 0 + 0 + 0 + 0
7 3 = 0.124124 + 0 + 0 + 0 + 0.00434783
7 4 = 0.0960596 + 0 + 0 + 0 + 0
7 5 = 0.0960596 + 0 + 0 + 0 + 0
7 6 = 0.127377 + 0.00833333 + 0 + 0.00555556 + 0
7 8 = 0.10391 + 0 + 0 + 0 + 0
7 9 = 0.102616 + 0.00833333 + 0.00657895 + 0 + 0
8 0 = 0.107048 + 0 + 0 + 0.00555556 + 0
8 1 = 0.0960596 + 0 + 0 + 0 + 0
8 2 = 0.107396 + 0 + 0 + 0 + 0.00434783
8 3 = 0.0960596 + 0 + 0 + 0.00555556 + 0
8 4 = 0.106656 + 0 + 0 + 0 + 0
8 5 = 0.133429 + 0 + 0.00657895 + 0 + 0
8 6 = 0.104735 + 0 + 0 + 0 + 0.00434783
8 7 = 0.10391 + 0 + 0 + 0 + 0
8 9 = 0.125927 + 0.00833333 + 0.00657895 + 0 + 0
9 0 = 0.11899 + 0 + 0 + 0 + 0
9 1 = 0.109326 + 0 + 0 + 0 + 0
9 2 = 0.108425 + 0 + 0 + 0.00555556 + 0.00434783
9 3 = 0.100747 + 0 + 0 + 0 + 0
9 4 = 0.101964 + 0 + 0 + 0 + 0
9 5 = 0.107713 + 0 + 0 + 0 + 0.00434783
9 6 = 0.0960596 + 0 + 0 + 0.00555556 + 0
9 7 = 0.102616 + 0.00833333 + 0.00657895 + 0 + 0
9 8 = 0.125927 + 0.00833333 + 0.00657895 + 0 + 0
 
 Nueva Matriz de feromonas
 
0.1 0.100752 0.108022 0.115259 0.1686 0.119861 0.100407 0.0960596 0.112603 0.11899 
0.100752 0.1 0.124216 0.100839 0.158973 0.102616 0.101964 0.145808 0.0960596 0.109326 
0.108022 0.124216 0.1 0.10106 0.100936 0.126155 0.145357 0.0998584 0.111744 0.118328 
0.115259 0.100839 0.10106 0.1 0.0960596 0.10927 0.0992225 0.128472 0.101615 0.100747 
0.1686 0.158973 0.100936 0.0960596 0.1 0.100839 0.110466 0.0960596 0.106656 0.101964 
0.119861 0.102616 0.126155 0.10927 0.100839 0.1 0.117224 0.0960596 0.140008 0.112061 
0.100407 0.101964 0.145357 0.0992225 0.110466 0.117224 0.1 0.141266 0.109083 0.101615 
0.0960596 0.145808 0.0998584 0.128472 0.0960596 0.0960596 0.141266 0.1 0.10391 0.117528 
0.112603 0.0960596 0.111744 0.101615 0.106656 0.140008 0.109083 0.10391 0.1 0.140839 
0.11899 0.109326 0.118328 0.100747 0.101964 0.112061 0.101615 0.117528 0.140839 0.1 
***************** Iteracion4<<<<<<<<<<<<<

  Hormiguero  inicial
visitados - disponibles - A B C D E F G H I J fitness  120
visitados - disponibles - A B C D E F G H I J fitness  152
visitados - disponibles - A B C D E F G H I J fitness  180
visitados - disponibles - A B C D E F G H I J fitness  230
Activaciones
*******HORMIGA: 0
*******HORMIGA: 1
*******HORMIGA: 2
*******HORMIGA: 3

 Nuevo Hormiguero 
visitados - 3 1 4 0 5 2 8 9 7 6 disponibles - fitness  106
visitados - 3 7 1 4 0 2 6 5 8 9 disponibles - fitness  125
visitados - 3 7 1 4 0 5 8 2 6 9 disponibles - fitness  159
visitados - 3 2 0 4 9 8 5 6 7 1 disponibles - fitness  226

 Mejor Hormiga :
visitados - 3 1 4 0 5 2 8 9 7 6 disponibles - fitness  106
 
Actualizando Matriz de fermononas 

0 1 = 0.099744 + 0 + 0 + 0 + 0
0 2 = 0.106942 + 0 + 0.008 + 0 + 0.00442478
0 3 = 0.114107 + 0 + 0 + 0 + 0
0 4 = 0.166914 + 0.00943396 + 0.008 + 0.00628931 + 0.00442478
0 5 = 0.118663 + 0.00943396 + 0 + 0.00628931 + 0
0 6 = 0.0994034 + 0 + 0 + 0 + 0
0 7 = 0.095099 + 0 + 0 + 0 + 0
0 8 = 0.111477 + 0 + 0 + 0 + 0
0 9 = 0.1178 + 0 + 0 + 0 + 0
1 0 = 0.099744 + 0 + 0 + 0 + 0
1 2 = 0.122974 + 0 + 0 + 0 + 0
1 3 = 0.099831 + 0.00943396 + 0 + 0 + 0
1 4 = 0.157383 + 0.00943396 + 0.008 + 0.00628931 + 0
1 5 = 0.10159 + 0 + 0 + 0 + 0
1 6 = 0.100944 + 0 + 0 + 0 + 0
1 7 = 0.14435 + 0 + 0.008 + 0.00628931 + 0.00442478
1 8 = 0.095099 + 0 + 0 + 0 + 0
1 9 = 0.108232 + 0 + 0 + 0 + 0
2 0 = 0.106942 + 0 + 0.008 + 0 + 0.00442478
2 1 = 0.122974 + 0 + 0 + 0 + 0
2 3 = 0.10005 + 0 + 0 + 0 + 0.00442478
2 4 = 0.0999271 + 0 + 0 + 0 + 0
2 5 = 0.124893 + 0.00943396 + 0 + 0 + 0
2 6 = 0.143904 + 0 + 0.008 + 0.00628931 + 0
2 7 = 0.0988599 + 0 + 0 + 0 + 0
2 8 = 0.110626 + 0.00943396 + 0 + 0.00628931 + 0
2 9 = 0.117145 + 0 + 0 + 0 + 0
3 0 = 0.114107 + 0 + 0 + 0 + 0
3 1 = 0.099831 + 0.00943396 + 0 + 0 + 0
3 2 = 0.10005 + 0 + 0 + 0 + 0.00442478
3 4 = 0.095099 + 0 + 0 + 0 + 0
3 5 = 0.108177 + 0 + 0 + 0 + 0
3 6 = 0.0982303 + 0 + 0 + 0 + 0
3 7 = 0.127188 + 0 + 0.008 + 0.00628931 + 0
3 8 = 0.100599 + 0 + 0 + 0 + 0
3 9 = 0.0997396 + 0 + 0 + 0 + 0
4 0 = 0.166914 + 0.00943396 + 0.008 + 0.00628931 + 0.00442478
4 1 = 0.157383 + 0.00943396 + 0.008 + 0.00628931 + 0
4 2 = 0.0999271 + 0 + 0 + 0 + 0
4 3 = 0.095099 + 0 + 0 + 0 + 0
4 5 = 0.099831 + 0 + 0 + 0 + 0
4 6 = 0.109362 + 0 + 0 + 0 + 0
4 7 = 0.095099 + 0 + 0 + 0 + 0
4 8 = 0.105589 + 0 + 0 + 0 + 0
4 9 = 0.100944 + 0 + 0 + 0 + 0.00442478
5 0 = 0.118663 + 0.00943396 + 0 + 0.00628931 + 0
5 1 = 0.10159 + 0 + 0 + 0 + 0
5 2 = 0.124893 + 0.00943396 + 0 + 0 + 0
5 3 = 0.108177 + 0 + 0 + 0 + 0
5 4 = 0.099831 + 0 + 0 + 0 + 0
5 6 = 0.116052 + 0 + 0.008 + 0 + 0.00442478
5 7 = 0.095099 + 0 + 0 + 0 + 0
5 8 = 0.138608 + 0 + 0.008 + 0.00628931 + 0.00442478
5 9 = 0.110941 + 0 + 0 + 0 + 0
6 0 = 0.0994034 + 0 + 0 + 0 + 0
6 1 = 0.100944 + 0 + 0 + 0 + 0
6 2 = 0.143904 + 0 + 0.008 + 0.00628931 + 0
6 3 = 0.0982303 + 0 + 0 + 0 + 0
6 4 = 0.109362 + 0 + 0 + 0 + 0
6 5 = 0.116052 + 0 + 0.008 + 0 + 0.00442478
6 7 = 0.139854 + 0.00943396 + 0 + 0 + 0.00442478
6 8 = 0.107992 + 0 + 0 + 0 + 0
6 9 = 0.100599 + 0 + 0 + 0.00628931 + 0
7 0 = 0.095099 + 0 + 0 + 0 + 0
7 1 = 0.14435 + 0 + 0.008 + 0.00628931 + 0.00442478
7 2 = 0.0988599 + 0 + 0 + 0 + 0
7 3 = 0.127188 + 0 + 0.008 + 0.00628931 + 0
7 4 = 0.095099 + 0 + 0 + 0 + 0
7 5 = 0.095099 + 0 + 0 + 0 + 0
7 6 = 0.139854 + 0.00943396 + 0 + 0 + 0.00442478
7 8 = 0.102871 + 0 + 0 + 0 + 0
7 9 = 0.116353 + 0.00943396 + 0 + 0 + 0
8 0 = 0.111477 + 0 + 0 + 0 + 0
8 1 = 0.095099 + 0 + 0 + 0 + 0
8 2 = 0.110626 + 0.00943396 + 0 + 0.00628931 + 0
8 3 = 0.100599 + 0 + 0 + 0 + 0
8 4 = 0.105589 + 0 + 0 + 0 + 0
8 5 = 0.138608 + 0 + 0.008 + 0.00628931 + 0.00442478
8 6 = 0.107992 + 0 + 0 + 0 + 0
8 7 = 0.102871 + 0 + 0 + 0 + 0
8 9 = 0.139431 + 0.00943396 + 0.008 + 0 + 0.00442478
9 0 = 0.1178 + 0 + 0 + 0 + 0
9 1 = 0.108232 + 0 + 0 + 0 + 0
9 2 = 0.117145 + 0 + 0 + 0 + 0
9 3 = 0.0997396 + 0 + 0 + 0 + 0
9 4 = 0.100944 + 0 + 0 + 0 + 0.00442478
9 5 = 0.110941 + 0 + 0 + 0 + 0
9 6 = 0.100599 + 0 + 0 + 0.00628931 + 0
9 7 = 0.116353 + 0.00943396 + 0 + 0 + 0
9 8 = 0.139431 + 0.00943396 + 0.008 + 0 + 0.00442478
 
 Nueva Matriz de feromonas
 
0.1 0.099744 0.119366 0.114107 0.195062 0.134386 0.0994034 0.095099 0.111477 0.1178 
0.099744 0.1 0.122974 0.109265 0.181107 0.10159 0.100944 0.163064 0.095099 0.108232 
0.119366 0.122974 0.1 0.104474 0.0999271 0.134327 0.158193 0.0988599 0.126349 0.117145 
0.114107 0.109265 0.104474 0.1 0.095099 0.108177 0.0982303 0.141477 0.100599 0.0997396 
0.195062 0.181107 0.0999271 0.095099 0.1 0.099831 0.109362 0.095099 0.105589 0.105369 
0.134386 0.10159 0.134327 0.108177 0.099831 0.1 0.128476 0.095099 0.157322 0.110941 
0.0994034 0.100944 0.158193 0.0982303 0.109362 0.128476 0.1 0.153712 0.107992 0.106888 
0.095099 0.163064 0.0988599 0.141477 0.095099 0.095099 0.153712 0.1 0.102871 0.125787 
0.111477 0.095099 0.126349 0.100599 0.105589 0.157322 0.107992 0.102871 0.1 0.161289 
0.1178 0.108232 0.117145 0.0997396 0.105369 0.110941 0.106888 0.125787 0.161289 0.1 
***************** Iteracion5<<<<<<<<<<<<<

  Hormiguero  inicial
visitados - disponibles - A B C D E F G H I J fitness  106
visitados - disponibles - A B C D E F G H I J fitness  125
visitados - disponibles - A B C D E F G H I J fitness  159
visitados - disponibles - A B C D E F G H I J fitness  226
Activaciones
*******HORMIGA: 0
*******HORMIGA: 1
*******HORMIGA: 2
*******HORMIGA: 3

 Nuevo Hormiguero 
visitados - 3 0 9 8 2 6 7 1 4 5 disponibles - fitness  143
visitados - 3 5 2 0 4 1 7 6 8 9 disponibles - fitness  156
visitados - 3 1 4 0 9 8 2 6 5 7 disponibles - fitness  165
visitados - 3 0 4 6 2 8 1 9 7 5 disponibles - fitness  240

 Mejor Hormiga :
visitados - 3 0 9 8 2 6 7 1 4 5 disponibles - fitness  143
 
Actualizando Matriz de fermononas 

0 1 = 0.0987466 + 0 + 0 + 0 + 0
0 2 = 0.118173 + 0 + 0.00641026 + 0 + 0
0 3 = 0.112966 + 0.00699301 + 0 + 0 + 0.00416667
0 4 = 0.193111 + 0 + 0.00641026 + 0.00606061 + 0.00416667
0 5 = 0.133042 + 0 + 0 + 0 + 0
0 6 = 0.0984093 + 0 + 0 + 0 + 0
0 7 = 0.094148 + 0 + 0 + 0 + 0
0 8 = 0.110362 + 0 + 0 + 0 + 0
0 9 = 0.116622 + 0.00699301 + 0 + 0.00606061 + 0
1 0 = 0.0987466 + 0 + 0 + 0 + 0
1 2 = 0.121744 + 0 + 0 + 0 + 0
1 3 = 0.108172 + 0 + 0 + 0.00606061 + 0
1 4 = 0.179296 + 0.00699301 + 0.00641026 + 0.00606061 + 0
1 5 = 0.100574 + 0 + 0 + 0 + 0
1 6 = 0.0999347 + 0 + 0 + 0 + 0
1 7 = 0.161434 + 0.00699301 + 0.00641026 + 0 + 0
1 8 = 0.094148 + 0 + 0 + 0 + 0.00416667
1 9 = 0.10715 + 0 + 0 + 0 + 0.00416667
2 0 = 0.118173 + 0 + 0.00641026 + 0 + 0
2 1 = 0.121744 + 0 + 0 + 0 + 0
2 3 = 0.10343 + 0 + 0 + 0 + 0
2 4 = 0.0989278 + 0 + 0 + 0 + 0
2 5 = 0.132984 + 0 + 0.00641026 + 0 + 0
2 6 = 0.156611 + 0.00699301 + 0 + 0.00606061 + 0.00416667
2 7 = 0.0978713 + 0 + 0 + 0 + 0
2 8 = 0.125086 + 0.00699301 + 0 + 0.00606061 + 0.00416667
2 9 = 0.115973 + 0 + 0 + 0 + 0
3 0 = 0.112966 + 0.00699301 + 0 + 0 + 0.00416667
3 1 = 0.108172 + 0 + 0 + 0.00606061 + 0
3 2 = 0.10343 + 0 + 0 + 0 + 0
3 4 = 0.094148 + 0 + 0 + 0 + 0
3 5 = 0.107095 + 0 + 0.00641026 + 0 + 0
3 6 = 0.097248 + 0 + 0 + 0 + 0
3 7 = 0.140062 + 0 + 0 + 0 + 0
3 8 = 0.099593 + 0 + 0 + 0 + 0
3 9 = 0.0987422 + 0 + 0 + 0 + 0
4 0 = 0.193111 + 0 + 0.00641026 + 0.00606061 + 0.00416667
4 1 = 0.179296 + 0.00699301 + 0.00641026 + 0.00606061 + 0
4 2 = 0.0989278 + 0 + 0 + 0 + 0
4 3 = 0.094148 + 0 + 0 + 0 + 0
4 5 = 0.0988327 + 0.00699301 + 0 + 0 + 0
4 6 = 0.108268 + 0 + 0 + 0 + 0.00416667
4 7 = 0.094148 + 0 + 0 + 0 + 0
4 8 = 0.104533 + 0 + 0 + 0 + 0
4 9 = 0.104315 + 0 + 0 + 0 + 0
5 0 = 0.133042 + 0 + 0 + 0 + 0
5 1 = 0.100574 + 0 + 0 + 0 + 0
5 2 = 0.132984 + 0 + 0.00641026 + 0 + 0
5 3 = 0.107095 + 0 + 0.00641026 + 0 + 0
5 4 = 0.0988327 + 0.00699301 + 0 + 0 + 0
5 6 = 0.127192 + 0 + 0 + 0.00606061 + 0
5 7 = 0.094148 + 0 + 0 + 0.00606061 + 0.00416667
5 8 = 0.155749 + 0 + 0 + 0 + 0
5 9 = 0.109831 + 0 + 0 + 0 + 0
6 0 = 0.0984093 + 0 + 0 + 0 + 0
6 1 = 0.0999347 + 0 + 0 + 0 + 0
6 2 = 0.156611 + 0.00699301 + 0 + 0.00606061 + 0.00416667
6 3 = 0.097248 + 0 + 0 + 0 + 0
6 4 = 0.108268 + 0 + 0 + 0 + 0.00416667
6 5 = 0.127192 + 0 + 0 + 0.00606061 + 0
6 7 = 0.152175 + 0.00699301 + 0.00641026 + 0 + 0
6 8 = 0.106912 + 0 + 0.00641026 + 0 + 0
6 9 = 0.105819 + 0 + 0 + 0 + 0
7 0 = 0.094148 + 0 + 0 + 0 + 0
7 1 = 0.161434 + 0.00699301 + 0.00641026 + 0 + 0
7 2 = 0.0978713 + 0 + 0 + 0 + 0
7 3 = 0.140062 + 0 + 0 + 0 + 0
7 4 = 0.094148 + 0 + 0 + 0 + 0
7 5 = 0.094148 + 0 + 0 + 0.00606061 + 0.00416667
7 6 = 0.152175 + 0.00699301 + 0.00641026 + 0 + 0
7 8 = 0.101842 + 0 + 0 + 0 + 0
7 9 = 0.124529 + 0 + 0 + 0 + 0.00416667
8 0 = 0.110362 + 0 + 0 + 0 + 0
8 1 = 0.094148 + 0 + 0 + 0 + 0.00416667
8 2 = 0.125086 + 0.00699301 + 0 + 0.00606061 + 0.00416667
8 3 = 0.099593 + 0 + 0 + 0 + 0
8 4 = 0.104533 + 0 + 0 + 0 + 0
8 5 = 0.155749 + 0 + 0 + 0 + 0
8 6 = 0.106912 + 0 + 0.00641026 + 0 + 0
8 7 = 0.101842 + 0 + 0 + 0 + 0
8 9 = 0.159677 + 0.00699301 + 0.00641026 + 0.00606061 + 0
9 0 = 0.116622 + 0.00699301 + 0 + 0.00606061 + 0
9 1 = 0.10715 + 0 + 0 + 0 + 0.00416667
9 2 = 0.115973 + 0 + 0 + 0 + 0
9 3 = 0.0987422 + 0 + 0 + 0 + 0
9 4 = 0.104315 + 0 + 0 + 0 + 0
9 5 = 0.109831 + 0 + 0 + 0 + 0
9 6 = 0.105819 + 0 + 0 + 0 + 0
9 7 = 0.124529 + 0 + 0 + 0 + 0.00416667
9 8 = 0.159677 + 0.00699301 + 0.00641026 + 0.00606061 + 0
 
 Nueva Matriz de feromonas
 
0.1 0.0987466 0.124583 0.124125 0.209749 0.133042 0.0984093 0.094148 0.110362 0.129675 
0.0987466 0.1 0.121744 0.114233 0.198759 0.100574 0.0999347 0.174837 0.0983147 0.111317 
0.124583 0.121744 0.1 0.10343 0.0989278 0.139394 0.173831 0.0978713 0.142306 0.115973 
0.124125 0.114233 0.10343 0.1 0.094148 0.113506 0.097248 0.140062 0.099593 0.0987422 
0.209749 0.198759 0.0989278 0.094148 0.1 0.105826 0.112435 0.094148 0.104533 0.104315 
0.133042 0.100574 0.139394 0.113506 0.105826 0.1 0.133252 0.104375 0.155749 0.109831 
0.0984093 0.0999347 0.173831 0.097248 0.112435 0.133252 0.1 0.165578 0.113323 0.105819 
0.094148 0.174837 0.0978713 0.140062 0.094148 0.104375 0.165578 0.1 0.101842 0.128696 
0.110362 0.0983147 0.142306 0.099593 0.104533 0.155749 0.113323 0.101842 0.1 0.17914 
0.129675 0.111317 0.115973 0.0987422 0.104315 0.109831 0.105819 0.128696 0.17914 0.1 
***************** Iteracion6<<<<<<<<<<<<<

  Hormiguero  inicial
visitados - disponibles - A B C D E F G H I J fitness  143
visitados - disponibles - A B C D E F G H I J fitness  156
visitados - disponibles - A B C D E F G H I J fitness  165
visitados - disponibles - A B C D E F G H I J fitness  240
Activaciones
*******HORMIGA: 0
*******HORMIGA: 1
*******HORMIGA: 2
*******HORMIGA: 3

 Nuevo Hormiguero 
visitados - 3 7 1 4 0 2 5 6 9 8 disponibles - fitness  128
visitados - 3 0 4 1 2 6 7 9 8 5 disponibles - fitness  146
visitados - 3 9 8 4 1 0 5 6 7 2 disponibles - fitness  165
visitados - 3 1 4 9 0 2 8 5 6 7 disponibles - fitness  168

 Mejor Hormiga :
visitados - 3 7 1 4 0 2 5 6 9 8 disponibles - fitness  128
 
Actualizando Matriz de fermononas 

0 1 = 0.0977591 + 0 + 0 + 0.00606061 + 0
0 2 = 0.123337 + 0.0078125 + 0 + 0 + 0.00595238
0 3 = 0.122884 + 0 + 0.00684932 + 0 + 0
0 4 = 0.207651 + 0.0078125 + 0.00684932 + 0 + 0
0 5 = 0.131712 + 0 + 0 + 0.00606061 + 0
0 6 = 0.0974252 + 0 + 0 + 0 + 0
0 7 = 0.0932065 + 0 + 0 + 0 + 0
0 8 = 0.109259 + 0 + 0 + 0 + 0
0 9 = 0.128379 + 0 + 0 + 0 + 0.00595238
1 0 = 0.0977591 + 0 + 0 + 0.00606061 + 0
1 2 = 0.120527 + 0 + 0.00684932 + 0 + 0
1 3 = 0.113091 + 0 + 0 + 0 + 0.00595238
1 4 = 0.196772 + 0.0078125 + 0.00684932 + 0.00606061 + 0.00595238
1 5 = 0.0995681 + 0 + 0 + 0 + 0
1 6 = 0.0989354 + 0 + 0 + 0 + 0
1 7 = 0.173089 + 0.0078125 + 0 + 0 + 0
1 8 = 0.0973315 + 0 + 0 + 0 + 0
1 9 = 0.110204 + 0 + 0 + 0 + 0
2 0 = 0.123337 + 0.0078125 + 0 + 0 + 0.00595238
2 1 = 0.120527 + 0 + 0.00684932 + 0 + 0
2 3 = 0.102395 + 0 + 0 + 0 + 0
2 4 = 0.0979385 + 0 + 0 + 0 + 0
2 5 = 0.138 + 0.0078125 + 0 + 0 + 0
2 6 = 0.172093 + 0 + 0.00684932 + 0 + 0
2 7 = 0.0968925 + 0 + 0 + 0.00606061 + 0
2 8 = 0.140883 + 0 + 0 + 0 + 0.00595238
2 9 = 0.114814 + 0 + 0 + 0 + 0
3 0 = 0.122884 + 0 + 0.00684932 + 0 + 0
3 1 = 0.113091 + 0 + 0 + 0 + 0.00595238
3 2 = 0.102395 + 0 + 0 + 0 + 0
3 4 = 0.0932065 + 0 + 0 + 0 + 0
3 5 = 0.112371 + 0 + 0 + 0 + 0
3 6 = 0.0962755 + 0 + 0 + 0 + 0
3 7 = 0.138661 + 0.0078125 + 0 + 0 + 0
3 8 = 0.0985971 + 0 + 0 + 0 + 0
3 9 = 0.0977547 + 0 + 0 + 0.00606061 + 0
4 0 = 0.207651 + 0.0078125 + 0.00684932 + 0 + 0
4 1 = 0.196772 + 0.0078125 + 0.00684932 + 0.00606061 + 0.00595238
4 2 = 0.0979385 + 0 + 0 + 0 + 0
4 3 = 0.0932065 + 0 + 0 + 0 + 0
4 5 = 0.104767 + 0 + 0 + 0 + 0
4 6 = 0.11131 + 0 + 0 + 0 + 0
4 7 = 0.0932065 + 0 + 0 + 0 + 0
4 8 = 0.103488 + 0 + 0 + 0.00606061 + 0
4 9 = 0.103272 + 0 + 0 + 0 + 0.00595238
5 0 = 0.131712 + 0 + 0 + 0.00606061 + 0
5 1 = 0.0995681 + 0 + 0 + 0 + 0
5 2 = 0.138 + 0.0078125 + 0 + 0 + 0
5 3 = 0.112371 + 0 + 0 + 0 + 0
5 4 = 0.104767 + 0 + 0 + 0 + 0
5 6 = 0.13192 + 0.0078125 + 0 + 0.00606061 + 0.00595238
5 7 = 0.103332 + 0 + 0 + 0 + 0
5 8 = 0.154191 + 0 + 0.00684932 + 0 + 0.00595238
5 9 = 0.108733 + 0 + 0 + 0 + 0
6 0 = 0.0974252 + 0 + 0 + 0 + 0
6 1 = 0.0989354 + 0 + 0 + 0 + 0
6 2 = 0.172093 + 0 + 0.00684932 + 0 + 0
6 3 = 0.0962755 + 0 + 0 + 0 + 0
6 4 = 0.11131 + 0 + 0 + 0 + 0
6 5 = 0.13192 + 0.0078125 + 0 + 0.00606061 + 0.00595238
6 7 = 0.163923 + 0 + 0.00684932 + 0.00606061 + 0.00595238
6 8 = 0.112189 + 0 + 0 + 0 + 0
6 9 = 0.104761 + 0.0078125 + 0 + 0 + 0
7 0 = 0.0932065 + 0 + 0 + 0 + 0
7 1 = 0.173089 + 0.0078125 + 0 + 0 + 0
7 2 = 0.0968925 + 0 + 0 + 0.00606061 + 0
7 3 = 0.138661 + 0.0078125 + 0 + 0 + 0
7 4 = 0.0932065 + 0 + 0 + 0 + 0
7 5 = 0.103332 + 0 + 0 + 0 + 0
7 6 = 0.163923 + 0 + 0.00684932 + 0.00606061 + 0.00595238
7 8 = 0.100824 + 0 + 0 + 0 + 0
7 9 = 0.127409 + 0 + 0.00684932 + 0 + 0
8 0 = 0.109259 + 0 + 0 + 0 + 0
8 1 = 0.0973315 + 0 + 0 + 0 + 0
8 2 = 0.140883 + 0 + 0 + 0 + 0.00595238
8 3 = 0.0985971 + 0 + 0 + 0 + 0
8 4 = 0.103488 + 0 + 0 + 0.00606061 + 0
8 5 = 0.154191 + 0 + 0.00684932 + 0 + 0.00595238
8 6 = 0.112189 + 0 + 0 + 0 + 0
8 7 = 0.100824 + 0 + 0 + 0 + 0
8 9 = 0.177349 + 0.0078125 + 0.00684932 + 0.00606061 + 0
9 0 = 0.128379 + 0 + 0 + 0 + 0.00595238
9 1 = 0.110204 + 0 + 0 + 0 + 0
9 2 = 0.114814 + 0 + 0 + 0 + 0
9 3 = 0.0977547 + 0 + 0 + 0.00606061 + 0
9 4 = 0.103272 + 0 + 0 + 0 + 0.00595238
9 5 = 0.108733 + 0 + 0 + 0 + 0
9 6 = 0.104761 + 0.0078125 + 0 + 0 + 0
9 7 = 0.127409 + 0 + 0.00684932 + 0 + 0
9 8 = 0.177349 + 0.0078125 + 0.00684932 + 0.00606061 + 0
 
 Nueva Matriz de feromonas
 
0.1 0.10382 0.137102 0.129733 0.222313 0.137772 0.0974252 0.0932065 0.109259 0.134331 
0.10382 0.1 0.127376 0.119043 0.223447 0.0995681 0.0989354 0.180901 0.0973315 0.110204 
0.137102 0.127376 0.1 0.102395 0.0979385 0.145813 0.178942 0.102953 0.146835 0.114814 
0.129733 0.119043 0.102395 0.1 0.0932065 0.112371 0.0962755 0.146474 0.0985971 0.103815 
0.222313 0.223447 0.0979385 0.0932065 0.1 0.104767 0.11131 0.0932065 0.109549 0.109224 
0.137772 0.0995681 0.145813 0.112371 0.104767 0.1 0.151745 0.103332 0.166993 0.108733 
0.0974252 0.0989354 0.178942 0.0962755 0.11131 0.151745 0.1 0.182785 0.112189 0.112574 
0.0932065 0.180901 0.102953 0.146474 0.0932065 0.103332 0.182785 0.1 0.100824 0.134258 
0.109259 0.0973315 0.146835 0.0985971 0.109549 0.166993 0.112189 0.100824 0.1 0.198071 
0.134331 0.110204 0.114814 0.103815 0.109224 0.108733 0.112574 0.134258 0.198071 0.1 
***************** Iteracion7<<<<<<<<<<<<<

  Hormiguero  inicial
visitados - disponibles - A B C D E F G H I J fitness  128
visitados - disponibles - A B C D E F G H I J fitness  146
visitados - disponibles - A B C D E F G H I J fitness  165
visitados - disponibles - A B C D E F G H I J fitness  168
Activaciones
*******HORMIGA: 0
*******HORMIGA: 1
*******HORMIGA: 2
*******HORMIGA: 3

 Nuevo Hormiguero 
visitados - 3 9 1 7 6 5 2 0 4 8 disponibles - fitness  145
visitados - 3 5 0 4 1 2 8 9 6 7 disponibles - fitness  146
visitados - 3 9 0 4 1 7 6 2 8 5 disponibles - fitness  153
visitados - 3 9 2 1 7 6 5 4 0 8 disponibles - fitness  185

 Mejor Hormiga :
visitados - 3 9 1 7 6 5 2 0 4 8 disponibles - fitness  145
 
Actualizando Matriz de fermononas 

0 1 = 0.102782 + 0 + 0 + 0 + 0
0 2 = 0.135731 + 0.00689655 + 0 + 0 + 0
0 3 = 0.128436 + 0 + 0 + 0 + 0
0 4 = 0.22009 + 0.00689655 + 0.00684932 + 0.00653595 + 0.00540541
0 5 = 0.136395 + 0 + 0.00684932 + 0 + 0
0 6 = 0.096451 + 0 + 0 + 0 + 0
0 7 = 0.0922745 + 0 + 0 + 0 + 0
0 8 = 0.108166 + 0 + 0 + 0 + 0.00540541
0 9 = 0.132988 + 0 + 0 + 0.00653595 + 0
1 0 = 0.102782 + 0 + 0 + 0 + 0
1 2 = 0.126103 + 0 + 0.00684932 + 0 + 0.00540541
1 3 = 0.117853 + 0 + 0 + 0 + 0
1 4 = 0.221212 + 0 + 0.00684932 + 0.00653595 + 0
1 5 = 0.0985724 + 0 + 0 + 0 + 0
1 6 = 0.097946 + 0 + 0 + 0 + 0
1 7 = 0.179092 + 0.00689655 + 0 + 0.00653595 + 0.00540541
1 8 = 0.0963582 + 0 + 0 + 0 + 0
1 9 = 0.109102 + 0.00689655 + 0 + 0 + 0
2 0 = 0.135731 + 0.00689655 + 0 + 0 + 0
2 1 = 0.126103 + 0 + 0.00684932 + 0 + 0.00540541
2 3 = 0.101371 + 0 + 0 + 0 + 0
2 4 = 0.0969591 + 0 + 0 + 0 + 0
2 5 = 0.144355 + 0.00689655 + 0 + 0 + 0
2 6 = 0.177153 + 0 + 0 + 0.00653595 + 0
2 7 = 0.101924 + 0 + 0 + 0 + 0
2 8 = 0.145367 + 0 + 0.00684932 + 0.00653595 + 0
2 9 = 0.113665 + 0 + 0 + 0 + 0.00540541
3 0 = 0.128436 + 0 + 0 + 0 + 0
3 1 = 0.117853 + 0 + 0 + 0 + 0
3 2 = 0.101371 + 0 + 0 + 0 + 0
3 4 = 0.0922745 + 0 + 0 + 0 + 0
3 5 = 0.111247 + 0 + 0.00684932 + 0 + 0
3 6 = 0.0953128 + 0 + 0 + 0 + 0
3 7 = 0.145009 + 0 + 0 + 0 + 0
3 8 = 0.0976111 + 0 + 0 + 0 + 0
3 9 = 0.102777 + 0.00689655 + 0 + 0.00653595 + 0.00540541
4 0 = 0.22009 + 0.00689655 + 0.00684932 + 0.00653595 + 0.00540541
4 1 = 0.221212 + 0 + 0.00684932 + 0.00653595 + 0
4 2 = 0.0969591 + 0 + 0 + 0 + 0
4 3 = 0.0922745 + 0 + 0 + 0 + 0
4 5 = 0.10372 + 0 + 0 + 0 + 0.00540541
4 6 = 0.110197 + 0 + 0 + 0 + 0
4 7 = 0.0922745 + 0 + 0 + 0 + 0
4 8 = 0.108453 + 0.00689655 + 0 + 0 + 0
4 9 = 0.108132 + 0 + 0 + 0 + 0
5 0 = 0.136395 + 0 + 0.00684932 + 0 + 0
5 1 = 0.0985724 + 0 + 0 + 0 + 0
5 2 = 0.144355 + 0.00689655 + 0 + 0 + 0
5 3 = 0.111247 + 0 + 0.00684932 + 0 + 0
5 4 = 0.10372 + 0 + 0 + 0 + 0.00540541
5 6 = 0.150228 + 0.00689655 + 0 + 0 + 0.00540541
5 7 = 0.102298 + 0 + 0 + 0 + 0
5 8 = 0.165323 + 0 + 0 + 0.00653595 + 0
5 9 = 0.107645 + 0 + 0 + 0 + 0
6 0 = 0.096451 + 0 + 0 + 0 + 0
6 1 = 0.097946 + 0 + 0 + 0 + 0
6 2 = 0.177153 + 0 + 0 + 0.00653595 + 0
6 3 = 0.0953128 + 0 + 0 + 0 + 0
6 4 = 0.110197 + 0 + 0 + 0 + 0
6 5 = 0.150228 + 0.00689655 + 0 + 0 + 0.00540541
6 7 = 0.180957 + 0.00689655 + 0.00684932 + 0.00653595 + 0.00540541
6 8 = 0.111067 + 0 + 0 + 0 + 0
6 9 = 0.111448 + 0 + 0.00684932 + 0 + 0
7 0 = 0.0922745 + 0 + 0 + 0 + 0
7 1 = 0.179092 + 0.00689655 + 0 + 0.00653595 + 0.00540541
7 2 = 0.101924 + 0 + 0 + 0 + 0
